169967
169974
169976
169982
169988
169990
169993
169997
170001
170010
170014
170017
170022
170024
170034
170038
170049
170058
170061
170065
170071
170074
170080
170086
170089
170091
170095
170098
170100
170104
170122
170123
170131
170151
170154
171800
171805
171806
171807
171818
171853
171858
171860
171868
171869
171872
171879
171893
171897
171898
171903
171931
171936
172184
172187
172188
172189
172190
172195
172197
172198
172202
172203
172207
172209
172253
172277
172283
172456
173049
173050
173057
173062
173077
173084
173100
173118
173121
173125
173129
173130
173136
173141
173142
173148
173154
173184
173191
173280
173282
173684
203775
203790
203800
203802
203841
203842
203851
203855
203872
203988
204032
204148
204151
204332
207172
207188
207202
207204
207208
207303
207311
207361
207369
207393
210113
210119
210120
210122
210124
210130
210371
210376
211000
211008
211016
211018
211019
211179
211308
239255
239256
239257
239258
239259
239260
239261
239262
239263
239264
239267
239268
239269
239270
239271
239272
239273
239274
239276
239277
239278
239280
239281
239282
239283
239284
239285
239287
239289
239290
239291
239292
239294
239295
239296
239297
239298
239300
239302
239306
239308
239309
239312
239314
239315
239316
239319
239320
239321
239322
239323
239324
239325
239327
239329
239330
239331
239333
239336
239337
239338
239341
239342
239343
239344
239347
239348
239350
239351
239352
239353
239355
239357
239359
239360
239361
239362
239364
239365
239367
239368
239369
239370
239372
239373
239374
239420
239421
239423
239424
239428
239430
239433
239436
239440
239441
239442
239443
239444
239445
239446
239448
239449
239450
239451
239453
239454
239455
239456
239459
239461
239462
239464
239465
239472
239489
239534
239561
239594
239637
239638
239643
239652
239653
239662
239672
239673
239675
239676
239677
239681
239682
239691
239724
239732
239749
239779
