116218
169967
169968
169982
169988
169990
169993
169997
170009
170014
170017
170022
170024
170025
170034
170036
170038
170049
170061
170065
170071
170074
170075
170076
170080
170086
170091
170095
170098
170100
170117
170121
170122
170131
170142
170151
170162
171800
171805
171806
171807
171816
171818
171829
171843
171848
171853
171860
171865
171869
171872
171879
171880
171897
171898
171900
171903
171931
171936
172180
172184
172187
172188
172189
172190
172191
172195
172197
172198
172207
172209
172212
172215
172253
172283
172456
173049
173050
173053
173057
173062
173071
173077
173085
173095
173100
173118
173125
173129
173130
173136
173141
173142
173145
173148
173154
173191
173279
173280
173282
173684
173827
203790
203800
203802
203808
203830
203834
203841
203842
203855
203872
203907
203920
203988
204032
204148
204151
204152
204332
207184
207188
207198
207202
207204
207208
207283
207303
207311
207361
207364
207365
207369
207393
210120
210122
210123
210124
210131
210357
210376
210377
211000
211005
211008
211016
211018
211019
211179
211308
211372
239254
239255
239256
239257
239258
239259
239260
239261
239262
239263
239264
239265
239267
239268
239269
239270
239271
239272
239273
239274
239276
239277
239278
239279
239280
239281
239282
239283
239284
239285
239287
239289
239290
239291
239292
239294
239295
239296
239297
239298
239299
239300
239302
239308
239309
239312
239313
239314
239315
239319
239320
239321
239323
239324
239325
239327
239328
239329
239330
239333
239336
239337
239338
239339
239341
239342
239343
239344
239346
239347
239348
239350
239352
239355
239357
239359
239360
239361
239362
239364
239365
239366
239367
239368
239369
239370
239372
239373
239374
239420
239423
239424
239428
239430
239433
239436
239440
239441
239442
239443
239444
239445
239446
239448
239449
239450
239451
239453
239454
239455
239456
239459
239461
239462
239464
239465
239472
239489
239534
239561
239594
239637
239638
239643
239652
239653
239662
239673
239677
239681
239682
239691
239724
239732
239749
239779
